0.0
1.0
2.6
4.7
7.4
10.7
14.5
18.9
23.8
29.3
35.3
41.8
48.9
56.4
64.5
73.0
82.1
91.5
101.5
111.8
122.6
133.8
145.4
157.3
169.6
182.2
195.1
208.4
221.9
235.6
249.6
263.8
278.2
292.8
307.5
322.3
337.2
352.3
367.3
382.4
397.6
412.7
427.7
442.8
457.7
472.5
487.2
501.8
516.2
530.4
544.4
558.1
571.6
584.9
597.8
610.4
622.7
634.6
646.2
657.4
668.2
678.5
688.5
697.9
707.0
715.5
723.6
731.1
738.2
744.7
750.7
756.2
761.1
765.5
769.3
772.6
775.3
777.4
779.0
780.0
781.0
782.0
783.0
784.0
785.0
786.0
787.0
788.0
789.0
790.0
791.0
792.0
793.0
794.0
795.0
796.0
797.0
798.0
799.0
800.0
801.0
802.0
803.0
804.0
805.0
806.0
807.0
808.0
809.0
810.0
811.0
812.0
813.0
814.0
815.0
816.0
817.0
818.0
819.0
820.0
821.0
822.0
823.0
824.0
825.0
826.0
827.0
828.0
829.0
830.0
831.0
832.0
833.0
834.0
835.0
836.0
837.0
838.0
839.0
840.0
841.0
842.0
843.0
844.0
845.0
846.0
847.0
848.0
849.0
850.0
851.0
852.0
853.0
854.0
855.0
856.0
857.0
858.0
859.0
860.0
861.0
862.0
863.0
864.0
865.0
866.0
867.0
868.0
869.0
870.0
871.0
872.0
873.0
874.0
875.0
876.0
877.0
878.0
879.0
880.0
881.0
882.0
883.0
884.0
885.0
886.0
887.0
888.0
889.0
890.0
891.0
892.0
893.0
894.0
895.0
896.0
897.0
898.0
899.0
900.0
901.0
902.1
903.4
905.1
907.3
910.1
913.8
918.5
924.3
931.3
939.7
949.6
961.1
974.4
989.5
1006.6
1025.8
1047.2
1070.9
1096.9
1125.3
1156.3
1189.8
1225.9
1264.7
1306.3
1350.5
1397.6
1447.4
1500.0
