0
0.2
0.8
1.8
3.1
4.9
7
9.5
12.4
15.7
19.3
23.3
27.7
32.4
37.5
43
48.8
54.9
61.4
68.2
75.3
82.8
90.5
98.6
106.9
115.6
124.5
133.7
143.1
152.8
162.7
172.9
183.2
193.8
204.6
215.6
226.7
238
249.5
261.1
272.9
284.7
296.7
308.8
320.9
333.2
345.5
357.8
370.2
382.6
395
407.4
419.8
432.2
444.5
456.8
469.1
481.2
493.3
505.3
517.1
528.9
540.5
552
563.3
574.4
585.4
596.2
606.8
617.1
627.3
637.2
646.9
656.3
665.5
674.4
683.1
691.4
699.5
707.2
714.7
721.8
728.6
735.1
741.2
747
752.5
757.6
762.3
766.7
770.7
774.3
777.6
780.5
783
785.1
786.9
788.2
789.2
789.8
790
790.2
790.4
790.6
790.8
791
791.2
791.4
791.6
791.8
792
792.2
792.4
792.6
792.8
793
793.2
793.4
793.6
793.8
794
794.2
794.4
794.6
794.8
795
795.2
795.4
795.6
795.8
796
796.2
796.4
796.6
796.8
797
797.2
797.4
797.6
797.8
798
798.2
798.4
798.6
798.8
799
799.2
799.4
799.6
799.8
800
800.2
800.4
800.6
800.8
801
801.2
801.4
801.6
801.8
802
802.2
802.4
802.6
802.8
803
803.2
803.4
803.6
803.8
804
804.2
804.4
804.6
804.8
805
805.2
805.4
805.6
805.8
806
806.2
806.4
806.6
806.8
807
807.2
807.4
807.6
807.8
808
808.2
808.4
808.6
808.8
809
809.2
809.4
809.6
809.8
810
810.2
810.4
810.6
810.8
811
811.2
811.4
811.6
811.8
812
812.2
812.4
812.6
812.8
813
813.2
813.4
813.6
813.8
814
814.2
814.4
814.6
814.8
815
815.2
815.4
815.6
815.8
816
816.2
816.4
816.6
816.8
817
817.2
817.4
817.6
817.8
818
818.2
818.4
818.6
818.8
819
819.2
819.4
819.6
819.8
820
820.2
820.4
820.6
820.8
821
821.2
821.4
821.6
821.8
822
822.2
822.4
822.6
822.8
823
823.2
823.4
823.6
823.8
824
824.2
824.4
824.6
824.8
825
825.2
825.4
825.6
825.8
826
826.2
826.4
826.6
826.8
827
827.2
827.4
827.6
827.8
828
828.2
828.4
828.6
828.8
829
829.2
829.4
829.6
829.8
830
830.2
830.4
830.6
830.8
831
831.2
831.4
831.6
831.8
832
832.2
832.4
832.6
832.8
833
833.2
833.4
833.6
833.8
834
834.2
834.4
834.6
834.8
835
835.2
835.4
835.6
835.8
836
836.2
836.4
836.6
836.8
837
837.2
837.4
837.6
837.8
838
838.2
838.4
838.6
838.8
839
839.2
839.4
839.6
839.8
840
840.2
840.4
840.6
840.8
841
841.2
841.4
841.6
841.8
842
842.2
842.4
842.6
842.8
843
843.2
843.4
843.6
843.8
844
844.2
844.4
844.6
844.8
845
845.2
845.4
845.6
845.8
846
846.2
846.4
846.6
846.8
847
847.2
847.4
847.6
847.8
848
848.2
848.4
848.6
848.8
849
849.2
849.4
849.6
849.8
850
850.2
850.4
850.6
850.8
851
851.2
851.4
851.6
851.8
852
852.2
852.4
852.6
852.8
853
853.2
853.4
853.6
853.8
854
854.2
854.4
854.6
854.8
855
855.2
855.4
855.6
855.8
856
856.2
856.4
856.6
856.8
857
857.2
857.4
857.6
857.8
858
858.2
858.4
858.6
858.8
859
859.2
859.4
859.6
859.8
860
860.2
860.4
860.6
860.8
861
861.2
861.4
861.6
861.8
862
862.2
862.4
862.6
862.8
863
863.2
863.4
863.6
863.8
864
864.2
864.4
864.6
864.8
865
865.2
865.4
865.6
865.8
866
866.2
866.4
866.6
866.8
867
867.2
867.4
867.6
867.8
868
868.2
868.4
868.6
868.8
869
869.2
869.4
869.6
869.8
870
870.2
870.4
870.6
870.8
871
871.2
871.4
871.6
871.8
872
872.2
872.4
872.6
872.8
873
873.2
873.4
873.6
873.8
874
874.2
874.4
874.6
874.8
875
875.2
875.4
875.6
875.8
876
876.2
876.4
876.6
876.8
877
877.2
877.4
877.6
877.8
878
878.2
878.4
878.6
878.8
879
879.2
879.4
879.6
879.8
880
880.2
880.4
880.6
880.8
881
881.2
881.4
881.6
881.8
882
882.2
882.4
882.6
882.8
883
883.2
883.4
883.6
883.8
884
884.2
884.4
884.6
884.8
885
885.2
885.4
885.6
885.8
886
886.2
886.4
886.6
886.8
887
887.2
887.4
887.6
887.8
888
888.2
888.4
888.6
888.8
889
889.2
889.4
889.6
889.8
890
890.2
890.5
891
891.9
893.4
895.6
898.7
902.7
908
914.6
922.6
932.2
943.6
956.8
972
989.3
1008.7
1030.5
1054.7
1081.4
1110.7
1142.6
1177.3
1214.7
1255
1298.1
1344.2
1393.2
1445.1
1500
