0
1
2.1
3.4
4.9
6.5
8.4
10.5
12.8
15.4
18.3
21.5
25.1
29.1
33.5
38.3
43.6
49.4
55.7
62.6
70
78
86.6
95.7
105.4
115.7
126.5
137.8
149.7
162.1
174.9
188.2
201.9
216
230.4
245.1
260.1
275.4
291
306.8
322.8
339
355.3
371.8
388.4
405
421.5
437.8
454
470
485.8
501.4
516.7
531.7
546.4
560.8
574.9
588.6
601.9
614.7
627.1
639
650.3
661.1
671.4
681.1
690.2
698.8
706.8
714.2
721.1
727.4
733.2
738.5
743.3
747.7
751.7
755.3
758.5
761.4
764
766.3
768.4
770.3
771.9
773.4
774.7
775.8
776.8
777.8
778.8
779.8
780.8
781.8
782.8
783.8
784.8
785.8
786.8
787.8
788.8
789.8
790.8
791.8
792.8
793.8
794.8
795.8
796.8
797.8
798.8
799.8
800.8
801.8
802.8
803.8
804.8
805.8
806.8
807.8
808.8
809.8
810.8
811.8
812.8
813.8
814.8
815.8
816.8
817.8
818.8
819.8
820.8
821.8
822.8
823.8
824.8
825.8
826.8
827.8
828.8
829.8
830.8
831.8
832.8
833.8
834.8
835.8
836.8
837.8
838.8
839.8
840.8
841.8
842.8
843.8
844.8
845.8
846.8
847.8
848.8
849.8
850.8
851.8
852.8
853.8
854.8
855.8
856.8
857.8
858.8
859.8
860.8
861.8
862.8
863.8
864.8
865.8
866.8
867.8
868.8
869.8
870.8
871.8
872.8
873.8
874.8
875.8
876.8
877.8
878.8
879.8
880.8
881.8
882.8
883.8
884.8
885.8
886.8
887.8
888.8
889.8
890.8
891.8
892.8
893.8
894.8
895.8
896.8
897.8
898.8
899.8
900.8
901.8
902.8
903.8
904.8
905.8
906.8
907.8
908.8
909.8
910.8
911.8
912.8
913.8
914.8
915.8
916.8
917.8
918.8
919.8
920.8
921.8
922.8
923.8
924.8
925.8
926.8
928
929.8
932.5
936.4
942
950.1
961.4
976.8
997.1
1022.9
1054.5
1091.6
1133.6
1179.7
1229
1280.8
1334.3
1389
1444.6
1500.8
