1017.800 289.000 9.050 0.000 0.000
 839.950 289.000 9.050 0.000 0.000
 840.050 297.368 1.500 1.000 0.000
 840.139 297.518 1.500 1.000 0.000
 840.299 297.668 1.500 1.000 0.000
 840.548 297.818 1.500 1.000 0.000
 840.908 297.968 1.500 1.000 0.000
 841.399 298.118 1.500 1.000 0.000
 842.041 298.268 1.500 1.000 0.000
 842.853 298.418 1.500 1.000 0.000
 843.858 298.568 1.500 1.000 0.000
 845.074 298.718 1.500 1.000 0.000
 846.522 298.868 1.500 1.000 0.000
 848.222 299.018 1.500 1.000 0.000
 850.195 299.168 1.500 1.000 0.000
 852.461 299.318 1.500 1.000 0.000
 855.039 299.468 1.500 1.000 0.000
 857.951 299.618 1.500 1.000 0.000
 861.216 299.768 1.500 1.000 0.000
 864.855 299.918 1.500 1.000 0.000
 868.888 300.068 1.500 1.000 0.000
 873.336 300.218 1.500 1.000 0.000
 878.217 300.368 1.500 1.000 0.000
 883.554 300.518 1.500 1.000 0.000
 889.365 300.668 1.500 1.000 0.000
 895.672 300.818 1.500 1.000 0.000
 902.494 300.968 1.500 1.000 0.000
 909.852 301.118 1.500 1.000 0.000
 917.766 301.268 1.500 1.000 0.000
 926.256 301.418 1.500 1.000 0.000
 935.342 301.568 1.500 1.000 0.000
 945.045 301.718 1.500 1.000 0.000
 955.386 301.868 1.500 1.000 0.000
 966.383 302.018 1.500 1.000 0.000
 978.058 302.168 1.500 1.000 0.000
 990.431 302.318 1.500 1.000 0.000
1003.522 302.468 1.500 1.000 0.000
1017.351 302.618 1.500 1.000 0.000
1031.938 302.768 1.500 1.000 0.000
1047.304 302.918 1.500 1.000 0.000
1063.469 303.068 1.500 1.000 0.000
1080.454 303.218 1.500 1.000 0.000
1098.278 303.368 1.500 1.000 0.000
1116.961 303.518 1.500 1.000 0.000
1136.525 303.668 1.500 1.000 0.000
1156.989 303.818 1.500 1.000 0.000
1178.373 303.968 1.500 1.000 0.000
1200.698 304.118 1.500 1.000 0.000
1223.984 304.268 1.500 1.000 0.000
1248.251 304.418 1.500 1.000 0.000
1273.520 304.568 1.500 1.000 0.000
1299.811 304.718 1.500 1.000 0.000
1327.143 304.868 1.500 1.000 0.000
1355.538 305.018 1.500 1.000 0.000
1385.015 305.168 1.500 1.000 0.000
1415.595 305.318 1.500 1.000 0.000
1447.298 305.468 1.500 1.000 0.000
1480.144 305.618 1.500 1.000 0.000
1514.154 305.768 1.500 1.000 0.000
1549.347 305.918 1.500 1.000 0.000
1585.745 306.068 1.500 1.000 0.000
1623.367 306.218 1.500 1.000 0.000
1662.233 306.368 1.500 1.000 0.000
1702.363 306.518 1.500 1.000 0.000
1743.779 306.668 1.500 1.000 0.000
1786.500 306.818 1.500 1.000 0.000
1830.547 306.968 1.500 1.000 0.000
1875.939 307.118 1.500 1.000 0.000
1922.698 307.268 1.500 1.000 0.000
1970.842 307.418 1.500 1.000 0.000
2020.393 307.568 1.500 1.000 0.000
2071.371 307.718 1.500 1.000 0.000
2123.796 307.868 1.500 1.000 0.000
2177.688 308.018 1.500 1.000 0.000
2233.067 308.168 1.500 1.000 0.000
2289.955 308.318 1.500 1.000 0.000
2348.370 308.468 1.500 1.000 0.000
2408.333 308.618 1.500 1.000 0.000
2469.865 308.768 1.500 1.000 0.000
