  1017.800   287.000     12.0     7.000    -5.500
   839.950   287.000     12.0     7.000    -5.500
   840.050   297.368     0.500     7.000    -5.500
   840.139   297.518     0.500     7.000    -5.500
   840.299   297.668     0.500     7.000    -5.500
   840.548   297.818     0.500     7.000    -5.500
   840.908   297.968     0.500     7.000    -5.500
   841.399   298.118     0.500     7.000    -5.500
   842.041   298.268     0.500     7.000    -5.500
   842.853   298.418     0.500     7.000    -5.500
   843.858   298.568     0.500     7.000    -5.500
   845.074   298.718     0.500     7.000    -5.500
   846.522   298.868     0.500     7.000    -5.500
   848.222   299.018     0.500     7.000    -5.500
   850.195   299.168     0.500     7.000    -5.500
   852.461   299.318     0.500     7.000    -5.500
   855.039   299.468     0.500     7.000    -5.500
   857.951   299.618     0.500     7.000    -5.500
   861.216   299.768     0.500     7.000    -5.500
   864.855   299.918     0.500     7.000    -5.500
   868.888   300.068     0.500     7.000    -5.500
   873.336   300.218     0.500     7.000    -5.500
   878.217   300.368     0.500     7.000    -5.500
   883.554   300.518     0.500     7.000    -5.500
   889.365   300.668     0.500     7.000    -5.500
   895.672   300.818     0.500     7.000    -5.500
   902.494   300.968     0.500     7.000    -5.500
   909.852   301.118     0.500     7.000    -5.500
   917.766   301.268     0.500     7.000    -5.500
   926.256   301.418     0.500     7.000    -5.500
   935.342   301.568     0.500     7.000    -5.500
   945.045   301.718     0.500     7.000    -5.500
   955.386   301.868     0.500     7.000    -5.500
   966.383   302.018     0.500     7.000    -5.500
   978.058   302.168     0.500     7.000    -5.500
   990.431   302.318     0.500     7.000    -5.500
  1003.522   302.468     0.500     7.000    -5.500
  1017.351   302.618     0.500     7.000    -5.500
  1031.938   302.768     0.500     7.000    -5.500
  1047.304   302.918     0.500     7.000    -5.500
  1063.469   303.068     0.500     7.000    -5.500
  1080.454   303.218     0.500     7.000    -5.500
  1098.278   303.368     0.500     7.000    -5.500
  1116.961   303.518     0.500     7.000    -5.500
  1136.525   303.668     0.500     7.000    -5.500
  1156.989   303.818     0.500     7.000    -5.500
  1178.373   303.968     0.500     7.000    -5.500
  1200.698   304.118     0.500     7.000    -5.500
  1223.984   304.268     0.500     7.000    -5.500
  1248.251   304.418     0.500     7.000    -5.500
  1273.520   304.568     0.500     7.000    -5.500
  1299.811   304.718     0.500     7.000    -5.500
  1327.143   304.868     0.500     7.000    -5.500
  1355.538   305.018     0.500     7.000    -5.500
  1385.015   305.168     0.500     7.000    -5.500
  1415.595   305.318     0.500     7.000    -5.500
  1447.298   305.468     0.500     7.000    -5.500
  1480.144   305.618     0.500     7.000    -5.500
  1514.154   305.768     0.500     7.000    -5.500
  1549.347   305.918     0.500     7.000    -5.500
  1585.745   306.068     0.500     7.000    -5.500
  1623.367   306.218     0.500     7.000    -5.500
  1662.233   306.368     0.500     7.000    -5.500
  1702.363   306.518     0.500     7.000    -5.500
  1743.779   306.668     0.500     7.000    -5.500
  1786.500   306.818     0.500     7.000    -5.500
  1830.547   306.968     0.500     7.000    -5.500
  1875.939   307.118     0.500     7.000    -5.500
  1922.698   307.268     0.500     7.000    -5.500
  1970.842   307.418     0.500     7.000    -5.500
  2020.393   307.568     0.500     7.000    -5.500
  2071.371   307.718     0.500     7.000    -5.500
  2123.796   307.868     0.500     7.000    -5.500
  2177.688   308.018     0.500     7.000    -5.500
  2233.067   308.168     0.500     7.000    -5.500
  2289.955   308.318     0.500     7.000    -5.500
  2348.370   308.468     0.500     7.000    -5.500
  2408.333   308.618     0.500     7.000    -5.500
  2469.865   308.768     0.500     7.000    -5.500
