  1017.800   289.000     9.050     7.000    -5.500
   839.950   289.000     9.050     7.000    -5.500
   840.050   292.368     0.000     7.000    -5.500
   840.139   292.518     0.000     7.000    -5.500
   840.299   292.668     0.000     7.000    -5.500
   840.548   292.818     0.000     7.000    -5.500
   840.908   292.968     0.000     7.000    -5.500
   841.399   293.118     0.000     7.000    -5.500
   842.041   293.268     0.000     7.000    -5.500
   842.853   293.418     0.000     7.000    -5.500
   843.858   293.568     0.000     7.000    -5.500
   845.074   293.718     0.000     7.000    -5.500
   846.522   293.868     0.000     7.000    -5.500
   848.222   294.018     0.000     7.000    -5.500
   850.195   294.168     0.000     7.000    -5.500
   852.461   294.318     0.000     7.000    -5.500
   855.039   294.468     0.000     7.000    -5.500
   857.951   294.618     0.000     7.000    -5.500
   861.216   294.768     0.000     7.000    -5.500
   864.855   294.918     0.000     7.000    -5.500
   868.888   295.068     0.000     7.000    -5.500
   873.336   295.218     0.000     7.000    -5.500
   878.217   295.368     0.000     7.000    -5.500
   883.554   295.518     0.000     7.000    -5.500
   889.365   295.668     0.000     7.000    -5.500
   895.672   295.818     0.000     7.000    -5.500
   902.494   295.968     0.000     7.000    -5.500
   909.852   296.118     0.000     7.000    -5.500
   917.766   296.268     0.000     7.000    -5.500
   926.256   296.418     0.000     7.000    -5.500
   935.342   296.568     0.000     7.000    -5.500
   945.045   296.718     0.000     7.000    -5.500
   955.386   296.868     0.000     7.000    -5.500
   966.383   297.018     0.000     7.000    -5.500
   978.058   297.168     0.000     7.000    -5.500
   990.431   297.318     0.000     7.000    -5.500
  1003.522   297.468     0.000     7.000    -5.500
  1017.351   297.618     0.000     7.000    -5.500
  1031.938   297.768     0.000     7.000    -5.500
  1047.304   297.918     0.000     7.000    -5.500
  1063.469   298.068     0.000     7.000    -5.500
  1080.454   298.218     0.000     7.000    -5.500
  1098.278   298.368     0.000     7.000    -5.500
  1116.961   298.518     0.000     7.000    -5.500
  1136.525   298.668     0.000     7.000    -5.500
  1156.989   298.818     0.000     7.000    -5.500
  1178.373   298.968     0.000     7.000    -5.500
  1200.698   299.118     0.000     7.000    -5.500
  1223.984   299.268     0.000     7.000    -5.500
  1248.251   299.418     0.000     7.000    -5.500
  1273.520   299.568     0.000     7.000    -5.500
  1299.811   299.718     0.000     7.000    -5.500
  1327.143   299.868     0.000     7.000    -5.500
  1355.538   300.018     0.000     7.000    -5.500
  1385.015   300.168     0.000     7.000    -5.500
  1415.595   300.318     0.000     7.000    -5.500
  1447.298   300.468     0.000     7.000    -5.500
  1480.144   300.618     0.000     7.000    -5.500
  1514.154   300.768     0.000     7.000    -5.500
  1549.347   300.918     0.000     7.000    -5.500
  1585.745   301.068     0.000     7.000    -5.500
  1623.367   301.218     0.000     7.000    -5.500
  1662.233   301.368     0.000     7.000    -5.500
  1702.363   301.518     0.000     7.000    -5.500
  1743.779   301.668     0.000     7.000    -5.500
  1786.500   301.818     0.000     7.000    -5.500
  1830.547   301.968     0.000     7.000    -5.500
  1875.939   302.118     0.000     7.000    -5.500
  1922.698   302.268     0.000     7.000    -5.500
  1970.842   302.418     0.000     7.000    -5.500
  2020.393   302.568     0.000     7.000    -5.500
  2071.371   302.718     0.000     7.000    -5.500
  2123.796   302.868     0.000     7.000    -5.500
  2177.688   303.018     0.000     7.000    -5.500
  2233.067   303.168     0.000     7.000    -5.500
  2289.955   303.318     0.000     7.000    -5.500
  2348.370   303.468     0.000     7.000    -5.500
  2408.333   303.618     0.000     7.000    -5.500
  2469.865   303.768     0.000     7.000    -5.500
