  1017.800   289.000     9.050     7.000    -5.500
   839.950   289.000     9.050     7.000    -5.500
   840.050   294.368     1.500     7.000    -5.500
   840.139   294.518     1.500     7.000    -5.500
   840.299   294.668     1.500     7.000    -5.500
   840.548   294.818     1.500     7.000    -5.500
   840.908   294.968     1.500     7.000    -5.500
   841.399   295.118     1.500     7.000    -5.500
   842.041   295.268     1.500     7.000    -5.500
   842.853   295.418     1.500     7.000    -5.500
   843.858   295.568     1.500     7.000    -5.500
   845.074   295.718     1.500     7.000    -5.500
   846.522   295.868     1.500     7.000    -5.500
   848.222   296.018     1.500     7.000    -5.500
   850.195   296.168     1.500     7.000    -5.500
   852.461   296.318     1.500     7.000    -5.500
   855.039   296.468     1.500     7.000    -5.500
   857.951   296.618     1.500     7.000    -5.500
   861.216   296.768     1.500     7.000    -5.500
   864.855   296.918     1.500     7.000    -5.500
   868.888   297.068     1.500     7.000    -5.500
   873.336   297.218     1.500     7.000    -5.500
   878.217   297.368     1.500     7.000    -5.500
   883.554   297.518     1.500     7.000    -5.500
   889.365   297.668     1.500     7.000    -5.500
   895.672   297.818     1.500     7.000    -5.500
   902.494   297.968     1.500     7.000    -5.500
   909.852   298.118     1.500     7.000    -5.500
   917.766   298.268     1.500     7.000    -5.500
   926.256   298.418     1.500     7.000    -5.500
   935.342   298.568     1.500     7.000    -5.500
   945.045   298.718     1.500     7.000    -5.500
   955.386   298.868     1.500     7.000    -5.500
   966.383   299.018     1.500     7.000    -5.500
   978.058   299.168     1.500     7.000    -5.500
   990.431   299.318     1.500     7.000    -5.500
  1003.522   299.468     1.500     7.000    -5.500
  1017.351   299.618     1.500     7.000    -5.500
  1031.938   299.768     1.500     7.000    -5.500
  1047.304   299.918     1.500     7.000    -5.500
  1063.469   300.068     1.500     7.000    -5.500
  1080.454   300.218     1.500     7.000    -5.500
  1098.278   300.368     1.500     7.000    -5.500
  1116.961   300.518     1.500     7.000    -5.500
  1136.525   300.668     1.500     7.000    -5.500
  1156.989   300.818     1.500     7.000    -5.500
  1178.373   300.968     1.500     7.000    -5.500
  1200.698   301.118     1.500     7.000    -5.500
  1223.984   301.268     1.500     7.000    -5.500
  1248.251   301.418     1.500     7.000    -5.500
  1273.520   301.568     1.500     7.000    -5.500
  1299.811   301.718     1.500     7.000    -5.500
  1327.143   301.868     1.500     7.000    -5.500
  1355.538   302.018     1.500     7.000    -5.500
  1385.015   302.168     1.500     7.000    -5.500
  1415.595   302.318     1.500     7.000    -5.500
  1447.298   302.468     1.500     7.000    -5.500
  1480.144   302.618     1.500     7.000    -5.500
  1514.154   302.768     1.500     7.000    -5.500
  1549.347   302.918     1.500     7.000    -5.500
  1585.745   303.068     1.500     7.000    -5.500
  1623.367   303.218     1.500     7.000    -5.500
  1662.233   303.368     1.500     7.000    -5.500
  1702.363   303.518     1.500     7.000    -5.500
  1743.779   303.668     1.500     7.000    -5.500
  1786.500   303.818     1.500     7.000    -5.500
  1830.547   303.968     1.500     7.000    -5.500
  1875.939   304.118     1.500     7.000    -5.500
  1922.698   304.268     1.500     7.000    -5.500
  1970.842   304.418     1.500     7.000    -5.500
  2020.393   304.568     1.500     7.000    -5.500
  2071.371   304.718     1.500     7.000    -5.500
  2123.796   304.868     1.500     7.000    -5.500
  2177.688   305.018     1.500     7.000    -5.500
  2233.067   305.168     1.500     7.000    -5.500
  2289.955   305.318     1.500     7.000    -5.500
  2348.370   305.468     1.500     7.000    -5.500
  2408.333   305.618     1.500     7.000    -5.500
  2469.865   305.768     1.500     7.000    -5.500
