0
1
2.2
3.5
5
6.6
8.5
10.6
12.9
15.5
18.4
21.6
25.2
29.1
33.5
38.3
43.6
49.3
55.5
62.3
69.6
77.5
85.9
94.9
104.4
114.5
125.1
136.2
147.9
160
172.6
185.6
199
212.8
227
241.5
256.3
271.4
286.7
302.2
317.9
333.8
349.9
366.1
382.5
398.9
415.1
431.2
447.1
462.8
478.3
493.6
508.7
523.5
538
552.2
566
579.4
592.4
605
617.1
628.8
639.9
650.5
660.6
670.1
679.1
687.5
695.4
702.7
709.5
715.7
721.4
726.7
731.5
735.9
739.8
743.4
746.6
749.5
752.1
754.4
756.5
758.4
760
761.5
762.8
764
765
766
767
768
769
770
771
772
773
774
775
776
777
778
779
780
781
782
783
784
785
786
787
788
789
790
791
792
793
794
795
796
797
798
799
800
801
802
803
804
805
806
807
808
809
810
811
812
813
814
815
816
817
818
819
820
821
822
823
824
825
826
827
828
829
830
831
832
833
834
835
836
837
838
839
840
841
842
843
844
845
846
847
848
849
850
851
852
853
854
855
856
857
858
859
860
861
862
863
864
865
866
867
868
869
870
871
872
873
874
875
876
877
878
879
880
881
882
883
884
885
886
887
888
889
890
891
892
893
894
895
896
897
898
899
900
901
902
903
904
905
906
907
908
909
910
911
912
913
914
915
916.2
917.9
920.5
924.3
929.8
937.8
949
964.4
984.9
1011.2
1043.4
1081.4
1124.5
1171.8
1222.3
1275.3
1330
1385.9
1442.7
1500
