  1017.800   288.700     9.450     6.500    -8.500
   794.950   288.700     9.450     8.090    -4.525
   795.050   295.368     5.000     8.090    -4.525
   840.139   298.561     4.741     8.180    -4.299
   891.088   299.580     4.475     8.282    -4.045
   945.841   300.323     4.219     8.392    -3.771
  1003.955   300.934     3.975     8.508    -3.480
  1065.205   301.465     3.748     8.630    -3.174
  1129.453   301.941     3.537     8.759    -2.853
  1196.607   302.378     3.344     8.893    -2.517
  1266.603   302.784     3.168     9.033    -2.167
  1339.397   303.165     3.010     9.179    -1.803
  1414.953   303.527     2.868     9.330    -1.425
  1493.250   303.872     2.742     9.487    -1.034
  1574.270   304.202     2.631     9.649    -0.629
  1658.002   304.521     2.534     9.816    -0.210
  1744.438   304.829     2.449     9.989     0.222
  1833.575   305.127     2.376    10.167     0.668
  1925.412   305.417     2.313    10.351     1.127
  2019.951   305.700     2.259    10.540     1.600
  2117.194   305.976     2.213    10.734     2.086
  2217.148   306.246     2.175    10.934     2.586
  2319.819   306.510     2.142    11.140     3.099
  2425.215   306.769     2.115    11.350     3.626
