288.701	70
14.6885	214.339	1e-06	1.1185e-05	0.0
22.0301	224.112	1e-06	1.15978e-05	0.0
31.2554	231.475	1e-06	1.12216e-05	0.0
42.0972	236.32	1e-06	1.07116e-05	0.0
54.7199	239.584	1e-06	9.58924e-06	0.0
68.7814	241.233	1e-06	8.64093e-06	0.0
84.5586	241.978	1e-06	7.17773e-06	0.0
100.518	241.0	4.26621e-07	5.74765e-06	0.0
112.213	236.023	2.75319e-07	4.30815e-06	0.0
125.782	230.643	2.36414e-07	3.11995e-06	0.0
141.147	227.36	5.22935e-07	2.35236e-06	0.0
157.73	224.831	8.42154e-07	1.82604e-06	0.0
175.298	224.05	1.35341e-06	1.46597e-06	0.0
193.314	223.675	2.92046e-06	1.1976e-06	0.0
211.568	223.439	6.94345e-06	9.72289e-07	0.0
229.992	222.775	1.22004e-05	7.79229e-07	0.0
248.431	222.907	1.64081e-05	6.23108e-07	0.0
266.509	225.799	1.94003e-05	5.0045e-07	0.0
285.165	229.102	2.7291e-05	4.05839e-07	0.0
303.386	232.44	3.56379e-05	3.35658e-07	0.0
321.138	235.552	3.71684e-05	2.80736e-07	0.0
338.53	238.425	4.03693e-05	2.37867e-07	0.0
355.747	241.276	3.85208e-05	2.04979e-07	0.0
372.811	244.023	4.87241e-05	1.77411e-07	0.0
389.785	246.336	9.43093e-05	1.59311e-07	0.0
406.871	249.085	6.69641e-05	1.45247e-07	0.0
423.94	251.533	6.61931e-05	1.32647e-07	0.0
441.144	253.594	0.000199049	1.21223e-07	0.0
458.442	255.98	0.000188208	1.10778e-07	0.0
475.844	257.695	0.000300832	1.01289e-07	0.0
493.405	259.096	0.00044286	9.37166e-08	0.0
510.974	261.064	0.000515035	8.83374e-08	0.0
528.601	263.232	0.000584783	8.33051e-08	0.0
546.221	264.673	0.000870132	7.84963e-08	0.0
563.918	265.913	0.00126355	7.34279e-08	0.0
581.497	267.464	0.00147175	6.85342e-08	0.0
599.02	269.239	0.00168117	6.39104e-08	0.0
616.442	271.084	0.00176969	5.99615e-08	0.0
633.7	272.615	0.00194903	5.78608e-08	0.0
650.865	274.158	0.00212377	5.63977e-08	0.0
667.773	275.581	0.00215267	5.50649e-08	0.0
684.556	276.532	0.00221501	5.37969e-08	0.0
701.047	277.113	0.00208931	5.25875e-08	0.0
717.398	277.042	0.00273338	5.14331e-08	0.0
733.535	277.111	0.00329526	5.0334e-08	0.0
749.357	277.849	0.00379379	4.92933e-08	0.0
764.864	278.367	0.00398681	4.83108e-08	0.0
779.954	278.973	0.00429183	4.74916e-08	0.0
794.68	279.809	0.00396986	4.71587e-08	0.0
809.077	280.455	0.00345398	4.699e-08	0.0
822.931	280.371	0.00300598	4.68654e-08	0.0
836.479	280.953	0.00167558	4.67499e-08	0.0
849.464	280.857	0.000463667	4.66446e-08	0.0
861.952	280.531	0.000440095	4.65471e-08	0.0
873.976	280.117	0.000725101	4.64608e-08	0.0
885.529	277.842	0.00197728	4.64003e-08	0.0
896.487	277.963	0.00252143	4.63526e-08	0.0
906.775	278.788	0.00252159	4.63137e-08	0.0
916.478	279.629	0.00249475	4.62787e-08	0.0
925.421	280.318	0.00249753	4.62462e-08	0.0
933.687	281.026	0.00247096	4.62183e-08	0.0
941.315	281.646	0.00250315	4.61927e-08	0.0
948.117	282.184	0.00247915	4.61704e-08	0.0
954.258	282.778	0.00250019	4.61506e-08	0.0
959.655	283.346	0.00251553	4.61331e-08	0.0
964.258	284.0	0.00245508	4.61186e-08	0.0
968.16	284.508	0.00249053	4.61066e-08	0.0
971.197	285.198	0.00247921	4.60967e-08	0.0
973.529	286.249	0.00250702	4.6089e-08	0.0
974.804	286.602	0.00275358	4.60835e-08	0.0

